input:
  dataset_file_name: HECO_TEST.nc
  lat0: 40.452552568766286
  lon0: 10.442046931415355
  sim_diffusion_coeff: 10.0
  sim_duration_h: 72.0
  sim_particles: 100.0
  sim_timedelta_s: 3600.0
  spill_release_duration_h: 6.0
  time0: '2025-03-08 00:00:00'
  volume_spilled_m3: 1000.0
